{
  "model": "LogisticRegression",
  "params": {
    "random_state": 42,
    "max_iter": 200
  },
  "dataset": "iris",
  "X_train": [
    [
      5.1,
      3.5,
      1.4,
      0.2
    ],
    [
      4.9,
      3.0,
      1.4,
      0.2
    ],
    [
      4.7,
      3.2,
      1.3,
      0.2
    ],
    [
      4.6,
      3.1,
      1.5,
      0.2
    ],
    [
      5.0,
      3.6,
      1.4,
      0.2
    ],
    [
      5.4,
      3.9,
      1.7,
      0.4
    ],
    [
      4.6,
      3.4,
      1.4,
      0.3
    ],
    [
      5.0,
      3.4,
      1.5,
      0.2
    ],
    [
      4.4,
      2.9,
      1.4,
      0.2
    ],
    [
      4.9,
      3.1,
      1.5,
      0.1
    ],
    [
      5.4,
      3.7,
      1.5,
      0.2
    ],
    [
      4.8,
      3.4,
      1.6,
      0.2
    ],
    [
      4.8,
      3.0,
      1.4,
      0.1
    ],
    [
      4.3,
      3.0,
      1.1,
      0.1
    ],
    [
      5.8,
      4.0,
      1.2,
      0.2
    ],
    [
      5.7,
      4.4,
      1.5,
      0.4
    ],
    [
      5.4,
      3.9,
      1.3,
      0.4
    ],
    [
      5.1,
      3.5,
      1.4,
      0.3
    ],
    [
      5.7,
      3.8,
      1.7,
      0.3
    ],
    [
      5.1,
      3.8,
      1.5,
      0.3
    ],
    [
      5.4,
      3.4,
      1.7,
      0.2
    ],
    [
      5.1,
      3.7,
      1.5,
      0.4
    ],
    [
      4.6,
      3.6,
      1.0,
      0.2
    ],
    [
      5.1,
      3.3,
      1.7,
      0.5
    ],
    [
      4.8,
      3.4,
      1.9,
      0.2
    ],
    [
      5.0,
      3.0,
      1.6,
      0.2
    ],
    [
      5.0,
      3.4,
      1.6,
      0.4
    ],
    [
      5.2,
      3.5,
      1.5,
      0.2
    ],
    [
      5.2,
      3.4,
      1.4,
      0.2
    ],
    [
      4.7,
      3.2,
      1.6,
      0.2
    ],
    [
      4.8,
      3.1,
      1.6,
      0.2
    ],
    [
      5.4,
      3.4,
      1.5,
      0.4
    ],
    [
      5.2,
      4.1,
      1.5,
      0.1
    ],
    [
      5.5,
      4.2,
      1.4,
      0.2
    ],
    [
      4.9,
      3.1,
      1.5,
      0.2
    ],
    [
      5.0,
      3.2,
      1.2,
      0.2
    ],
    [
      5.5,
      3.5,
      1.3,
      0.2
    ],
    [
      4.9,
      3.6,
      1.4,
      0.1
    ],
    [
      4.4,
      3.0,
      1.3,
      0.2
    ],
    [
      5.1,
      3.4,
      1.5,
      0.2
    ],
    [
      5.0,
      3.5,
      1.3,
      0.3
    ],
    [
      4.5,
      2.3,
      1.3,
      0.3
    ],
    [
      4.4,
      3.2,
      1.3,
      0.2
    ],
    [
      5.0,
      3.5,
      1.6,
      0.6
    ],
    [
      5.1,
      3.8,
      1.9,
      0.4
    ],
    [
      4.8,
      3.0,
      1.4,
      0.3
    ],
    [
      5.1,
      3.8,
      1.6,
      0.2
    ],
    [
      4.6,
      3.2,
      1.4,
      0.2
    ],
    [
      5.3,
      3.7,
      1.5,
      0.2
    ],
    [
      5.0,
      3.3,
      1.4,
      0.2
    ],
    [
      7.0,
      3.2,
      4.7,
      1.4
    ],
    [
      6.4,
      3.2,
      4.5,
      1.5
    ],
    [
      6.9,
      3.1,
      4.9,
      1.5
    ],
    [
      5.5,
      2.3,
      4.0,
      1.3
    ],
    [
      6.5,
      2.8,
      4.6,
      1.5
    ],
    [
      5.7,
      2.8,
      4.5,
      1.3
    ],
    [
      6.3,
      3.3,
      4.7,
      1.6
    ],
    [
      4.9,
      2.4,
      3.3,
      1.0
    ],
    [
      6.6,
      2.9,
      4.6,
      1.3
    ],
    [
      5.2,
      2.7,
      3.9,
      1.4
    ],
    [
      5.0,
      2.0,
      3.5,
      1.0
    ],
    [
      5.9,
      3.0,
      4.2,
      1.5
    ],
    [
      6.0,
      2.2,
      4.0,
      1.0
    ],
    [
      6.1,
      2.9,
      4.7,
      1.4
    ],
    [
      5.6,
      2.9,
      3.6,
      1.3
    ],
    [
      6.7,
      3.1,
      4.4,
      1.4
    ],
    [
      5.6,
      3.0,
      4.5,
      1.5
    ],
    [
      5.8,
      2.7,
      4.1,
      1.0
    ],
    [
      6.2,
      2.2,
      4.5,
      1.5
    ],
    [
      5.6,
      2.5,
      3.9,
      1.1
    ],
    [
      5.9,
      3.2,
      4.8,
      1.8
    ],
    [
      6.1,
      2.8,
      4.0,
      1.3
    ],
    [
      6.3,
      2.5,
      4.9,
      1.5
    ],
    [
      6.1,
      2.8,
      4.7,
      1.2
    ],
    [
      6.4,
      2.9,
      4.3,
      1.3
    ],
    [
      6.6,
      3.0,
      4.4,
      1.4
    ],
    [
      6.8,
      2.8,
      4.8,
      1.4
    ],
    [
      6.7,
      3.0,
      5.0,
      1.7
    ],
    [
      6.0,
      2.9,
      4.5,
      1.5
    ],
    [
      5.7,
      2.6,
      3.5,
      1.0
    ],
    [
      5.5,
      2.4,
      3.8,
      1.1
    ],
    [
      5.5,
      2.4,
      3.7,
      1.0
    ],
    [
      5.8,
      2.7,
      3.9,
      1.2
    ],
    [
      6.0,
      2.7,
      5.1,
      1.6
    ],
    [
      5.4,
      3.0,
      4.5,
      1.5
    ],
    [
      6.0,
      3.4,
      4.5,
      1.6
    ],
    [
      6.7,
      3.1,
      4.7,
      1.5
    ],
    [
      6.3,
      2.3,
      4.4,
      1.3
    ],
    [
      5.6,
      3.0,
      4.1,
      1.3
    ],
    [
      5.5,
      2.5,
      4.0,
      1.3
    ],
    [
      5.5,
      2.6,
      4.4,
      1.2
    ],
    [
      6.1,
      3.0,
      4.6,
      1.4
    ],
    [
      5.8,
      2.6,
      4.0,
      1.2
    ],
    [
      5.0,
      2.3,
      3.3,
      1.0
    ],
    [
      5.6,
      2.7,
      4.2,
      1.3
    ],
    [
      5.7,
      3.0,
      4.2,
      1.2
    ],
    [
      5.7,
      2.9,
      4.2,
      1.3
    ],
    [
      6.2,
      2.9,
      4.3,
      1.3
    ],
    [
      5.1,
      2.5,
      3.0,
      1.1
    ],
    [
      5.7,
      2.8,
      4.1,
      1.3
    ],
    [
      6.3,
      3.3,
      6.0,
      2.5
    ],
    [
      5.8,
      2.7,
      5.1,
      1.9
    ],
    [
      7.1,
      3.0,
      5.9,
      2.1
    ],
    [
      6.3,
      2.9,
      5.6,
      1.8
    ],
    [
      6.5,
      3.0,
      5.8,
      2.2
    ],
    [
      7.6,
      3.0,
      6.6,
      2.1
    ],
    [
      4.9,
      2.5,
      4.5,
      1.7
    ],
    [
      7.3,
      2.9,
      6.3,
      1.8
    ],
    [
      6.7,
      2.5,
      5.8,
      1.8
    ],
    [
      7.2,
      3.6,
      6.1,
      2.5
    ],
    [
      6.5,
      3.2,
      5.1,
      2.0
    ],
    [
      6.4,
      2.7,
      5.3,
      1.9
    ],
    [
      6.8,
      3.0,
      5.5,
      2.1
    ],
    [
      5.7,
      2.5,
      5.0,
      2.0
    ],
    [
      5.8,
      2.8,
      5.1,
      2.4
    ],
    [
      6.4,
      3.2,
      5.3,
      2.3
    ],
    [
      6.5,
      3.0,
      5.5,
      1.8
    ],
    [
      7.7,
      3.8,
      6.7,
      2.2
    ],
    [
      7.7,
      2.6,
      6.9,
      2.3
    ],
    [
      6.0,
      2.2,
      5.0,
      1.5
    ]
  ],
  "y_train": [
    0.0,
    0.0,
    0.0,
    0.0,
    0.0,
    0.0,
    0.0,
    0.0,
    0.0,
    0.0,
    0.0,
    0.0,
    0.0,
    0.0,
    0.0,
    0.0,
    0.0,
    0.0,
    0.0,
    0.0,
    0.0,
    0.0,
    0.0,
    0.0,
    0.0,
    0.0,
    0.0,
    0.0,
    0.0,
    0.0,
    0.0,
    0.0,
    0.0,
    0.0,
    0.0,
    0.0,
    0.0,
    0.0,
    0.0,
    0.0,
    0.0,
    0.0,
    0.0,
    0.0,
    0.0,
    0.0,
    0.0,
    0.0,
    0.0,
    0.0,
    1.0,
    1.0,
    1.0,
    1.0,
    1.0,
    1.0,
    1.0,
    1.0,
    1.0,
    1.0,
    1.0,
    1.0,
    1.0,
    1.0,
    1.0,
    1.0,
    1.0,
    1.0,
    1.0,
    1.0,
    1.0,
    1.0,
    1.0,
    1.0,
    1.0,
    1.0,
    1.0,
    1.0,
    1.0,
    1.0,
    1.0,
    1.0,
    1.0,
    1.0,
    1.0,
    1.0,
    1.0,
    1.0,
    1.0,
    1.0,
    1.0,
    1.0,
    1.0,
    1.0,
    1.0,
    1.0,
    1.0,
    1.0,
    1.0,
    1.0,
    2.0,
    2.0,
    2.0,
    2.0,
    2.0,
    2.0,
    2.0,
    2.0,
    2.0,
    2.0,
    2.0,
    2.0,
    2.0,
    2.0,
    2.0,
    2.0,
    2.0,
    2.0,
    2.0,
    2.0
  ],
  "X_test": [
    [
      6.9,
      3.2,
      5.7,
      2.3
    ],
    [
      5.6,
      2.8,
      4.9,
      2.0
    ],
    [
      7.7,
      2.8,
      6.7,
      2.0
    ],
    [
      6.3,
      2.7,
      4.9,
      1.8
    ],
    [
      6.7,
      3.3,
      5.7,
      2.1
    ],
    [
      7.2,
      3.2,
      6.0,
      1.8
    ],
    [
      6.2,
      2.8,
      4.8,
      1.8
    ],
    [
      6.1,
      3.0,
      4.9,
      1.8
    ],
    [
      6.4,
      2.8,
      5.6,
      2.1
    ],
    [
      7.2,
      3.0,
      5.8,
      1.6
    ],
    [
      7.4,
      2.8,
      6.1,
      1.9
    ],
    [
      7.9,
      3.8,
      6.4,
      2.0
    ],
    [
      6.4,
      2.8,
      5.6,
      2.2
    ],
    [
      6.3,
      2.8,
      5.1,
      1.5
    ],
    [
      6.1,
      2.6,
      5.6,
      1.4
    ],
    [
      7.7,
      3.0,
      6.1,
      2.3
    ],
    [
      6.3,
      3.4,
      5.6,
      2.4
    ],
    [
      6.4,
      3.1,
      5.5,
      1.8
    ],
    [
      6.0,
      3.0,
      4.8,
      1.8
    ],
    [
      6.9,
      3.1,
      5.4,
      2.1
    ],
    [
      6.7,
      3.1,
      5.6,
      2.4
    ],
    [
      6.9,
      3.1,
      5.1,
      2.3
    ],
    [
      5.8,
      2.7,
      5.1,
      1.9
    ],
    [
      6.8,
      3.2,
      5.9,
      2.3
    ],
    [
      6.7,
      3.3,
      5.7,
      2.5
    ],
    [
      6.7,
      3.0,
      5.2,
      2.3
    ],
    [
      6.3,
      2.5,
      5.0,
      1.9
    ],
    [
      6.5,
      3.0,
      5.2,
      2.0
    ],
    [
      6.2,
      3.4,
      5.4,
      2.3
    ],
    [
      5.9,
      3.0,
      5.1,
      1.8
    ]
  ],
  "y_test": [
    2.0,
    2.0,
    2.0,
    2.0,
    2.0,
    2.0,
    2.0,
    2.0,
    2.0,
    2.0,
    2.0,
    2.0,
    2.0,
    2.0,
    2.0,
    2.0,
    2.0,
    2.0,
    2.0,
    2.0,
    2.0,
    2.0,
    2.0,
    2.0,
    2.0,
    2.0,
    2.0,
    2.0,
    2.0,
    2.0
  ],
  "predictions": [
    2.0,
    2.0,
    2.0,
    1.0,
    2.0,
    2.0,
    1.0,
    1.0,
    2.0,
    2.0,
    2.0,
    2.0,
    2.0,
    1.0,
    2.0,
    2.0,
    2.0,
    2.0,
    1.0,
    2.0,
    2.0,
    2.0,
    2.0,
    2.0,
    2.0,
    2.0,
    2.0,
    2.0,
    2.0,
    2.0
  ],
  "predict_proba": [
    [
      1.7854269548129465e-05,
      0.10298578873016342,
      0.8969963570002883
    ],
    [
      0.0009540685287227546,
      0.3796622337050176,
      0.6193836977662597
    ],
    [
      1.5339169177698646e-07,
      0.027463942258686355,
      0.9725359043496218
    ],
    [
      0.000749450666418491,
      0.6031613051131082,
      0.39608924422047337
    ],
    [
      3.597778227750152e-05,
      0.14216426704302643,
      0.8577997551746961
    ],
    [
      1.3771120952465597e-05,
      0.17621110721742178,
      0.8237751216616258
    ],
    [
      0.0012685119158710148,
      0.6536709182026359,
      0.34506056988149303
    ],
    [
      0.0012864090106833087,
      0.5959565748315516,
      0.40275701615776505
    ],
    [
      2.899462150763209e-05,
      0.12657685128251345,
      0.8733941540959789
    ],
    [
      3.584282775204893e-05,
      0.3440897574533588,
      0.6558743997188891
    ],
    [
      3.5316626072869193e-06,
      0.11567574954548014,
      0.8843207187919125
    ],
    [
      2.8097956380475506e-06,
      0.08959418825183975,
      0.9104030019525222
    ],
    [
      2.276066626028999e-05,
      0.10289812175646693,
      0.8970791175772728
    ],
    [
      0.0006467933422706727,
      0.6581059303920884,
      0.3412472762656407
    ],
    [
      0.00010941606483930807,
      0.3608809167826368,
      0.6390096671525239
    ],
    [
      1.6244624113865386e-06,
      0.0634117738277919,
      0.9365866017097967
    ],
    [
      3.618054401390828e-05,
      0.07687066852829709,
      0.9230931509276891
    ],
    [
      0.00013625624882765847,
      0.2949380236557982,
      0.7049257200953741
    ],
    [
      0.0019053995497864277,
      0.6385123292329771,
      0.3595822712172364
    ],
    [
      8.967315484274695e-05,
      0.27273730142495534,
      0.7271730254202019
    ],
    [
      2.0115950970508337e-05,
      0.089457221101415,
      0.9105226629476145
    ],
    [
      0.00020368834444512335,
      0.33255553394119164,
      0.6672407777143632
    ],
    [
      0.00041152713742485694,
      0.34143559694485004,
      0.658152875917725
    ],
    [
      7.316547589070228e-06,
      0.06098800899185752,
      0.9390046744605534
    ],
    [
      1.3435929633608633e-05,
      0.06106133738181137,
      0.938925226688555
    ],
    [
      0.0001276132710492894,
      0.24604699631954471,
      0.753825390409406
    ],
    [
      0.0003477650147109024,
      0.4659014439912206,
      0.5337507909940684
    ],
    [
      0.0002530994936622672,
      0.3646886238866077,
      0.63505827661973
    ],
    [
      0.00011845212575320612,
      0.1395742687077285,
      0.8603072791665183
    ],
    [
      0.0007188703156699961,
      0.4384518830793436,
      0.5608292466049865
    ]
  ],
  "accuracy": 0.8333333333333334,
  "coef": [
    [
      -0.393466457168706,
      0.9330910158836206,
      -2.373505079502084,
      -1.0126659650037795
    ],
    [
      0.5383251329176482,
      -0.28666882900939217,
      -0.066657485225949,
      -0.6630038524166885
    ],
    [
      -0.1448586757489279,
      -0.6464221868742185,
      2.4401625647280447,
      1.6756698174204623
    ]
  ],
  "intercept": [
    9.09224863499854,
    1.2729676349394643,
    -10.365216269938411
  ]
}
