{
  "model": "LogisticRegression",
  "params": {
    "random_state": 42,
    "max_iter": 200
  },
  "dataset": "iris",
  "X_train": [
    [
      5.1,
      3.5,
      1.4,
      0.2
    ],
    [
      4.9,
      3.0,
      1.4,
      0.2
    ],
    [
      4.7,
      3.2,
      1.3,
      0.2
    ],
    [
      4.6,
      3.1,
      1.5,
      0.2
    ],
    [
      5.0,
      3.6,
      1.4,
      0.2
    ],
    [
      5.4,
      3.9,
      1.7,
      0.4
    ],
    [
      4.6,
      3.4,
      1.4,
      0.3
    ],
    [
      5.0,
      3.4,
      1.5,
      0.2
    ],
    [
      4.4,
      2.9,
      1.4,
      0.2
    ],
    [
      4.9,
      3.1,
      1.5,
      0.1
    ],
    [
      5.4,
      3.7,
      1.5,
      0.2
    ],
    [
      4.8,
      3.4,
      1.6,
      0.2
    ],
    [
      4.8,
      3.0,
      1.4,
      0.1
    ],
    [
      4.3,
      3.0,
      1.1,
      0.1
    ],
    [
      5.8,
      4.0,
      1.2,
      0.2
    ],
    [
      5.7,
      4.4,
      1.5,
      0.4
    ],
    [
      5.4,
      3.9,
      1.3,
      0.4
    ],
    [
      5.1,
      3.5,
      1.4,
      0.3
    ],
    [
      5.7,
      3.8,
      1.7,
      0.3
    ],
    [
      5.1,
      3.8,
      1.5,
      0.3
    ],
    [
      5.4,
      3.4,
      1.7,
      0.2
    ],
    [
      5.1,
      3.7,
      1.5,
      0.4
    ],
    [
      4.6,
      3.6,
      1.0,
      0.2
    ],
    [
      5.1,
      3.3,
      1.7,
      0.5
    ],
    [
      4.8,
      3.4,
      1.9,
      0.2
    ],
    [
      5.0,
      3.0,
      1.6,
      0.2
    ],
    [
      5.0,
      3.4,
      1.6,
      0.4
    ],
    [
      5.2,
      3.5,
      1.5,
      0.2
    ],
    [
      5.2,
      3.4,
      1.4,
      0.2
    ],
    [
      4.7,
      3.2,
      1.6,
      0.2
    ],
    [
      4.8,
      3.1,
      1.6,
      0.2
    ],
    [
      5.4,
      3.4,
      1.5,
      0.4
    ],
    [
      5.2,
      4.1,
      1.5,
      0.1
    ],
    [
      5.5,
      4.2,
      1.4,
      0.2
    ],
    [
      4.9,
      3.1,
      1.5,
      0.2
    ],
    [
      5.0,
      3.2,
      1.2,
      0.2
    ],
    [
      5.5,
      3.5,
      1.3,
      0.2
    ],
    [
      4.9,
      3.6,
      1.4,
      0.1
    ],
    [
      4.4,
      3.0,
      1.3,
      0.2
    ],
    [
      5.1,
      3.4,
      1.5,
      0.2
    ],
    [
      5.0,
      3.5,
      1.3,
      0.3
    ],
    [
      4.5,
      2.3,
      1.3,
      0.3
    ],
    [
      4.4,
      3.2,
      1.3,
      0.2
    ],
    [
      5.0,
      3.5,
      1.6,
      0.6
    ],
    [
      5.1,
      3.8,
      1.9,
      0.4
    ],
    [
      4.8,
      3.0,
      1.4,
      0.3
    ],
    [
      5.1,
      3.8,
      1.6,
      0.2
    ],
    [
      4.6,
      3.2,
      1.4,
      0.2
    ],
    [
      5.3,
      3.7,
      1.5,
      0.2
    ],
    [
      5.0,
      3.3,
      1.4,
      0.2
    ],
    [
      7.0,
      3.2,
      4.7,
      1.4
    ],
    [
      6.4,
      3.2,
      4.5,
      1.5
    ],
    [
      6.9,
      3.1,
      4.9,
      1.5
    ],
    [
      5.5,
      2.3,
      4.0,
      1.3
    ],
    [
      6.5,
      2.8,
      4.6,
      1.5
    ],
    [
      5.7,
      2.8,
      4.5,
      1.3
    ],
    [
      6.3,
      3.3,
      4.7,
      1.6
    ],
    [
      4.9,
      2.4,
      3.3,
      1.0
    ],
    [
      6.6,
      2.9,
      4.6,
      1.3
    ],
    [
      5.2,
      2.7,
      3.9,
      1.4
    ],
    [
      5.0,
      2.0,
      3.5,
      1.0
    ],
    [
      5.9,
      3.0,
      4.2,
      1.5
    ],
    [
      6.0,
      2.2,
      4.0,
      1.0
    ],
    [
      6.1,
      2.9,
      4.7,
      1.4
    ],
    [
      5.6,
      2.9,
      3.6,
      1.3
    ],
    [
      6.7,
      3.1,
      4.4,
      1.4
    ],
    [
      5.6,
      3.0,
      4.5,
      1.5
    ],
    [
      5.8,
      2.7,
      4.1,
      1.0
    ],
    [
      6.2,
      2.2,
      4.5,
      1.5
    ],
    [
      5.6,
      2.5,
      3.9,
      1.1
    ],
    [
      5.9,
      3.2,
      4.8,
      1.8
    ],
    [
      6.1,
      2.8,
      4.0,
      1.3
    ],
    [
      6.3,
      2.5,
      4.9,
      1.5
    ],
    [
      6.1,
      2.8,
      4.7,
      1.2
    ],
    [
      6.4,
      2.9,
      4.3,
      1.3
    ],
    [
      6.6,
      3.0,
      4.4,
      1.4
    ],
    [
      6.8,
      2.8,
      4.8,
      1.4
    ],
    [
      6.7,
      3.0,
      5.0,
      1.7
    ],
    [
      6.0,
      2.9,
      4.5,
      1.5
    ],
    [
      5.7,
      2.6,
      3.5,
      1.0
    ],
    [
      5.5,
      2.4,
      3.8,
      1.1
    ],
    [
      5.5,
      2.4,
      3.7,
      1.0
    ],
    [
      5.8,
      2.7,
      3.9,
      1.2
    ],
    [
      6.0,
      2.7,
      5.1,
      1.6
    ],
    [
      5.4,
      3.0,
      4.5,
      1.5
    ],
    [
      6.0,
      3.4,
      4.5,
      1.6
    ],
    [
      6.7,
      3.1,
      4.7,
      1.5
    ],
    [
      6.3,
      2.3,
      4.4,
      1.3
    ],
    [
      5.6,
      3.0,
      4.1,
      1.3
    ],
    [
      5.5,
      2.5,
      4.0,
      1.3
    ],
    [
      5.5,
      2.6,
      4.4,
      1.2
    ],
    [
      6.1,
      3.0,
      4.6,
      1.4
    ],
    [
      5.8,
      2.6,
      4.0,
      1.2
    ],
    [
      5.0,
      2.3,
      3.3,
      1.0
    ],
    [
      5.6,
      2.7,
      4.2,
      1.3
    ],
    [
      5.7,
      3.0,
      4.2,
      1.2
    ],
    [
      5.7,
      2.9,
      4.2,
      1.3
    ],
    [
      6.2,
      2.9,
      4.3,
      1.3
    ],
    [
      5.1,
      2.5,
      3.0,
      1.1
    ],
    [
      5.7,
      2.8,
      4.1,
      1.3
    ],
    [
      6.3,
      3.3,
      6.0,
      2.5
    ],
    [
      5.8,
      2.7,
      5.1,
      1.9
    ],
    [
      7.1,
      3.0,
      5.9,
      2.1
    ],
    [
      6.3,
      2.9,
      5.6,
      1.8
    ],
    [
      6.5,
      3.0,
      5.8,
      2.2
    ],
    [
      7.6,
      3.0,
      6.6,
      2.1
    ],
    [
      4.9,
      2.5,
      4.5,
      1.7
    ],
    [
      7.3,
      2.9,
      6.3,
      1.8
    ],
    [
      6.7,
      2.5,
      5.8,
      1.8
    ],
    [
      7.2,
      3.6,
      6.1,
      2.5
    ],
    [
      6.5,
      3.2,
      5.1,
      2.0
    ],
    [
      6.4,
      2.7,
      5.3,
      1.9
    ],
    [
      6.8,
      3.0,
      5.5,
      2.1
    ],
    [
      5.7,
      2.5,
      5.0,
      2.0
    ],
    [
      5.8,
      2.8,
      5.1,
      2.4
    ],
    [
      6.4,
      3.2,
      5.3,
      2.3
    ],
    [
      6.5,
      3.0,
      5.5,
      1.8
    ],
    [
      7.7,
      3.8,
      6.7,
      2.2
    ],
    [
      7.7,
      2.6,
      6.9,
      2.3
    ],
    [
      6.0,
      2.2,
      5.0,
      1.5
    ]
  ],
  "y_train": [
    0.0,
    0.0,
    0.0,
    0.0,
    0.0,
    0.0,
    0.0,
    0.0,
    0.0,
    0.0,
    0.0,
    0.0,
    0.0,
    0.0,
    0.0,
    0.0,
    0.0,
    0.0,
    0.0,
    0.0,
    0.0,
    0.0,
    0.0,
    0.0,
    0.0,
    0.0,
    0.0,
    0.0,
    0.0,
    0.0,
    0.0,
    0.0,
    0.0,
    0.0,
    0.0,
    0.0,
    0.0,
    0.0,
    0.0,
    0.0,
    0.0,
    0.0,
    0.0,
    0.0,
    0.0,
    0.0,
    0.0,
    0.0,
    0.0,
    0.0,
    1.0,
    1.0,
    1.0,
    1.0,
    1.0,
    1.0,
    1.0,
    1.0,
    1.0,
    1.0,
    1.0,
    1.0,
    1.0,
    1.0,
    1.0,
    1.0,
    1.0,
    1.0,
    1.0,
    1.0,
    1.0,
    1.0,
    1.0,
    1.0,
    1.0,
    1.0,
    1.0,
    1.0,
    1.0,
    1.0,
    1.0,
    1.0,
    1.0,
    1.0,
    1.0,
    1.0,
    1.0,
    1.0,
    1.0,
    1.0,
    1.0,
    1.0,
    1.0,
    1.0,
    1.0,
    1.0,
    1.0,
    1.0,
    1.0,
    1.0,
    2.0,
    2.0,
    2.0,
    2.0,
    2.0,
    2.0,
    2.0,
    2.0,
    2.0,
    2.0,
    2.0,
    2.0,
    2.0,
    2.0,
    2.0,
    2.0,
    2.0,
    2.0,
    2.0,
    2.0
  ],
  "X_test": [
    [
      6.9,
      3.2,
      5.7,
      2.3
    ],
    [
      5.6,
      2.8,
      4.9,
      2.0
    ],
    [
      7.7,
      2.8,
      6.7,
      2.0
    ],
    [
      6.3,
      2.7,
      4.9,
      1.8
    ],
    [
      6.7,
      3.3,
      5.7,
      2.1
    ],
    [
      7.2,
      3.2,
      6.0,
      1.8
    ],
    [
      6.2,
      2.8,
      4.8,
      1.8
    ],
    [
      6.1,
      3.0,
      4.9,
      1.8
    ],
    [
      6.4,
      2.8,
      5.6,
      2.1
    ],
    [
      7.2,
      3.0,
      5.8,
      1.6
    ],
    [
      7.4,
      2.8,
      6.1,
      1.9
    ],
    [
      7.9,
      3.8,
      6.4,
      2.0
    ],
    [
      6.4,
      2.8,
      5.6,
      2.2
    ],
    [
      6.3,
      2.8,
      5.1,
      1.5
    ],
    [
      6.1,
      2.6,
      5.6,
      1.4
    ],
    [
      7.7,
      3.0,
      6.1,
      2.3
    ],
    [
      6.3,
      3.4,
      5.6,
      2.4
    ],
    [
      6.4,
      3.1,
      5.5,
      1.8
    ],
    [
      6.0,
      3.0,
      4.8,
      1.8
    ],
    [
      6.9,
      3.1,
      5.4,
      2.1
    ],
    [
      6.7,
      3.1,
      5.6,
      2.4
    ],
    [
      6.9,
      3.1,
      5.1,
      2.3
    ],
    [
      5.8,
      2.7,
      5.1,
      1.9
    ],
    [
      6.8,
      3.2,
      5.9,
      2.3
    ],
    [
      6.7,
      3.3,
      5.7,
      2.5
    ],
    [
      6.7,
      3.0,
      5.2,
      2.3
    ],
    [
      6.3,
      2.5,
      5.0,
      1.9
    ],
    [
      6.5,
      3.0,
      5.2,
      2.0
    ],
    [
      6.2,
      3.4,
      5.4,
      2.3
    ],
    [
      5.9,
      3.0,
      5.1,
      1.8
    ]
  ],
  "y_test": [
    2.0,
    2.0,
    2.0,
    2.0,
    2.0,
    2.0,
    2.0,
    2.0,
    2.0,
    2.0,
    2.0,
    2.0,
    2.0,
    2.0,
    2.0,
    2.0,
    2.0,
    2.0,
    2.0,
    2.0,
    2.0,
    2.0,
    2.0,
    2.0,
    2.0,
    2.0,
    2.0,
    2.0,
    2.0,
    2.0
  ],
  "predictions": [
    2.0,
    2.0,
    2.0,
    1.0,
    2.0,
    2.0,
    1.0,
    1.0,
    2.0,
    2.0,
    2.0,
    2.0,
    2.0,
    1.0,
    2.0,
    2.0,
    2.0,
    2.0,
    1.0,
    2.0,
    2.0,
    2.0,
    2.0,
    2.0,
    2.0,
    2.0,
    2.0,
    2.0,
    2.0,
    2.0
  ],
  "predict_proba": [
    [
      1.8297454687428314e-05,
      0.1030478311095436,
      0.896933871435769
    ],
    [
      0.0009592963771343902,
      0.3801388221210031,
      0.6189018815018625
    ],
    [
      1.5862283769348262e-07,
      0.02748168858276888,
      0.9725181527943934
    ],
    [
      0.0007592617241234539,
      0.6031580793859588,
      0.3960826588899178
    ],
    [
      3.6806701102028565e-05,
      0.14225830678305867,
      0.8577048865158393
    ],
    [
      1.4167391229927288e-05,
      0.17617494430323158,
      0.8238108883055385
    ],
    [
      0.001284115087355008,
      0.6536530777693702,
      0.3450628071432747
    ],
    [
      0.0013023628400838576,
      0.5960146157325446,
      0.4026830214273716
    ],
    [
      2.9477785660228043e-05,
      0.1267655768017747,
      0.8732049454125651
    ],
    [
      3.681917791639046e-05,
      0.3438959453292641,
      0.6560672354928195
    ],
    [
      3.6342892571311757e-06,
      0.11566996900631847,
      0.8843263967044243
    ],
    [
      2.9253996060075107e-06,
      0.08948907170619137,
      0.9105080028942026
    ],
    [
      2.3141810583183705e-05,
      0.10307086416077625,
      0.8969059940286406
    ],
    [
      0.0006559229656348975,
      0.6580728980151226,
      0.3412711790192425
    ],
    [
      0.00011068753587480593,
      0.36122122646416643,
      0.6386680859999587
    ],
    [
      1.6792043158985804e-06,
      0.06339285330788294,
      0.9366054674878012
    ],
    [
      3.687153729130599e-05,
      0.07701109410157286,
      0.9229520343611358
    ],
    [
      0.00013868626692983455,
      0.295095162130836,
      0.7047661516022342
    ],
    [
      0.0019263715324997338,
      0.638571356822359,
      0.3595022716451413
    ],
    [
      9.177460532666601e-05,
      0.2726901000135192,
      0.7272181253811542
    ],
    [
      2.0555172429997895e-05,
      0.0895551119453365,
      0.9104243328822336
    ],
    [
      0.00020833632888585997,
      0.3324284491553719,
      0.6673632145157422
    ],
    [
      0.000414701622602728,
      0.34185730503808254,
      0.6577279933393146
    ],
    [
      7.494282861391717e-06,
      0.06106615831068672,
      0.9389263474064518
    ],
    [
      1.3748931938186753e-05,
      0.06114319277247474,
      0.9388430582955871
    ],
    [
      0.0001301830633217961,
      0.24609071332889104,
      0.7537791036077872
    ],
    [
      0.0003519716945088552,
      0.4660368688409105,
      0.5336111594645807
    ],
    [
      0.00025759557526841293,
      0.364745842627471,
      0.6349965617972606
    ],
    [
      0.00012050299195386939,
      0.13976967438883747,
      0.8601098226192085
    ],
    [
      0.0007263843962367871,
      0.4387503982187003,
      0.5605232173850629
    ]
  ],
  "accuracy": 0.8333333333333334,
  "coef": [
    [
      -0.3855460981930905,
      0.9369305803485938,
      -2.3723772406446924,
      -1.012833226296223
    ],
    [
      0.5330987686129165,
      -0.28898299136361955,
      -0.06612432656582215,
      -0.662101104533646
    ],
    [
      -0.1475526704198192,
      -0.6479475889849768,
      2.4385015672105026,
      1.6749343308298705
    ]
  ],
  "intercept": [
    9.035436235434142,
    1.3035711707184294,
    -10.339007406152565
  ]
}
